removable walls: [(6, 1), (7, 1), (7, 3), (7, 13), (8, 1), (10, 0), (10, 1), (10, 2), (10, 13), (12, 1), (12, 2), (12, 3), (12, 4), (12, 5), (12, 6), (12, 7), (12, 8), (12, 9), (12, 10), (12, 11), (12, 12), (12, 13), (12, 14)]
printing all weights: ----
1	1000000	1000000	1000000	1000000	1000000	1000000	1000000	1000000	1000000	1000000	1000000	1000000	1000000	1000000	
2	1000000	1000000	1000000	1000000	1000000	1000000	1000000	1000000	1000000	1000000	1000000	1000000	1000000	1000000	
3	1000000	1000000	1000000	1000000	1000000	1000000	1000000	1000000	1000000	1000000	1000000	1000000	1000000	1000000	
4	1000000	1000000	1000000	1000000	1000000	1000000	1000000	1000000	1000000	1000000	1000000	1000000	1000000	1000000	
5	1000000	1000000	1000000	1000000	1000000	1000000	1000000	1000000	1000000	1000000	1000000	1000000	1000000	1000000	
6	1000000	1000000	1000000	1000000	1000000	1000000	1000000	1000000	1000000	1000000	1000000	1000000	1000000	1000000	
7	1000000	15	16	17	18	19	20	21	22	23	24	25	26	27	
8	1000000	14	1000000	1000000	1000000	1000000	1000000	1000000	1000000	1000000	1000000	1000000	1000000	28	
9	1000000	13	1000000	1000000	1000000	1000000	1000000	1000000	1000000	1000000	1000000	1000000	1000000	29	
10	11	12	1000000	1000000	1000000	1000000	1000000	1000000	1000000	1000000	1000000	1000000	1000000	30	
1000000	1000000	1000000	1000000	1000000	1000000	1000000	1000000	1000000	1000000	1000000	1000000	1000000	1000000	31	
46	45	44	43	42	41	40	39	38	37	36	35	34	33	32	
47	1000000	1000000	1000000	1000000	1000000	1000000	1000000	1000000	1000000	1000000	1000000	1000000	1000000	1000000	
48	49	50	51	52	53	54	55	56	57	58	59	60	61	62	
49	50	51	52	53	54	55	56	57	58	59	60	61	62	63	
50	51	52	53	54	55	56	57	58	59	60	61	62	63	64	
51	52	53	54	55	56	57	58	59	60	61	62	63	64	65	
52	53	54	55	56	57	58	59	60	61	62	63	64	65	66	
53	54	55	56	57	58	59	60	61	62	63	64	65	66	67	
printing all weights: ----
1	1000000	1000000	1000000	1000000	1000000	1000000	1000000	1000000	1000000	1000000	1000000	1000000	1000000	1000000	
2	1000000	1000000	1000000	1000000	1000000	1000000	1000000	1000000	1000000	1000000	1000000	1000000	1000000	1000000	
3	1000000	1000000	1000000	1000000	1000000	1000000	1000000	1000000	1000000	1000000	1000000	1000000	1000000	1000000	
4	1000000	1000000	1000000	1000000	1000000	1000000	1000000	1000000	1000000	1000000	1000000	1000000	1000000	1000000	
5	1000000	1000000	1000000	1000000	1000000	1000000	1000000	1000000	1000000	1000000	1000000	1000000	1000000	1000000	
6	1000000	1000000	1000000	1000000	1000000	1000000	1000000	1000000	1000000	1000000	1000000	1000000	1000000	1000000	
7	1000000	15	16	17	18	19	20	21	22	23	24	25	26	27	
8	1000000	14	1000000	1000000	1000000	1000000	1000000	1000000	1000000	1000000	1000000	1000000	1000000	28	
9	1000000	13	1000000	1000000	1000000	1000000	1000000	1000000	1000000	1000000	1000000	1000000	1000000	29	
10	11	12	1000000	1000000	1000000	1000000	1000000	1000000	1000000	1000000	1000000	1000000	1000000	30	
1000000	1000000	1000000	1000000	1000000	1000000	1000000	1000000	1000000	1000000	1000000	1000000	1000000	1000000	31	
46	45	44	43	42	41	40	39	38	37	36	35	34	33	32	
47	1000000	1000000	1000000	1000000	1000000	1000000	1000000	1000000	1000000	1000000	1000000	1000000	1000000	1000000	
48	49	50	51	52	53	54	55	56	57	58	59	60	61	62	
49	50	51	52	53	54	55	56	57	58	59	60	61	62	63	
50	51	52	53	54	55	56	57	58	59	60	61	62	63	64	
51	52	53	54	55	56	57	58	59	60	61	62	63	64	65	
52	53	54	55	56	57	58	59	60	61	62	63	64	65	66	
53	54	55	56	57	58	59	60	61	62	63	64	65	66	67	
printing all weights: ----
1	1000000	1000000	1000000	1000000	1000000	1000000	1000000	1000000	1000000	1000000	1000000	1000000	1000000	1000000	
2	1000000	1000000	1000000	1000000	1000000	1000000	1000000	1000000	1000000	1000000	1000000	1000000	1000000	1000000	
3	1000000	1000000	1000000	1000000	1000000	1000000	1000000	1000000	1000000	1000000	1000000	1000000	1000000	1000000	
4	1000000	1000000	1000000	1000000	1000000	1000000	1000000	1000000	1000000	1000000	1000000	1000000	1000000	1000000	
5	1000000	1000000	1000000	1000000	1000000	1000000	1000000	1000000	1000000	1000000	1000000	1000000	1000000	1000000	
6	1000000	1000000	1000000	1000000	1000000	1000000	1000000	1000000	1000000	1000000	1000000	1000000	1000000	1000000	
7	1000000	15	16	17	18	19	20	21	22	23	24	25	26	27	
8	1000000	14	1000000	1000000	1000000	1000000	1000000	1000000	1000000	1000000	1000000	1000000	1000000	28	
9	1000000	13	1000000	1000000	1000000	1000000	1000000	1000000	1000000	1000000	1000000	1000000	1000000	29	
10	11	12	1000000	1000000	1000000	1000000	1000000	1000000	1000000	1000000	1000000	1000000	1000000	30	
1000000	1000000	1000000	1000000	1000000	1000000	1000000	1000000	1000000	1000000	1000000	1000000	1000000	1000000	31	
46	45	44	43	42	41	40	39	38	37	36	35	34	33	32	
47	1000000	1000000	1000000	1000000	1000000	1000000	1000000	1000000	1000000	1000000	1000000	1000000	1000000	1000000	
48	49	50	51	52	53	54	55	56	57	58	59	60	61	62	
49	50	51	52	53	54	55	56	57	58	59	60	61	62	63	
50	51	52	53	54	55	56	57	58	59	60	61	62	63	64	
51	52	53	54	55	56	57	58	59	60	61	62	63	64	65	
52	53	54	55	56	57	58	59	60	61	62	63	64	65	66	
53	54	55	56	57	58	59	60	61	62	63	64	65	66	67	
printing all weights: ----
1	1000000	1000000	1000000	1000000	1000000	1000000	1000000	1000000	1000000	1000000	1000000	1000000	1000000	1000000	
2	1000000	1000000	1000000	1000000	1000000	1000000	1000000	1000000	1000000	1000000	1000000	1000000	1000000	1000000	
3	1000000	1000000	1000000	1000000	1000000	1000000	1000000	1000000	1000000	1000000	1000000	1000000	1000000	1000000	
4	1000000	1000000	1000000	1000000	1000000	1000000	1000000	1000000	1000000	1000000	1000000	1000000	1000000	1000000	
5	1000000	1000000	1000000	1000000	1000000	1000000	1000000	1000000	1000000	1000000	1000000	1000000	1000000	1000000	
6	1000000	1000000	1000000	1000000	1000000	1000000	1000000	1000000	1000000	1000000	1000000	1000000	1000000	1000000	
7	1000000	15	16	17	18	19	20	21	22	23	24	25	26	27	
8	1000000	14	1000000	1000000	1000000	1000000	1000000	1000000	1000000	1000000	1000000	1000000	1000000	28	
9	1000000	13	1000000	1000000	1000000	1000000	1000000	1000000	1000000	1000000	1000000	1000000	1000000	29	
10	11	12	1000000	1000000	1000000	1000000	1000000	1000000	1000000	1000000	1000000	1000000	1000000	30	
1000000	1000000	1000000	1000000	1000000	1000000	1000000	1000000	1000000	1000000	1000000	1000000	1000000	1000000	31	
46	45	44	43	42	41	40	39	38	37	36	35	34	33	32	
47	1000000	1000000	1000000	1000000	1000000	1000000	1000000	1000000	1000000	1000000	1000000	1000000	1000000	1000000	
48	49	50	51	52	53	54	55	56	57	58	59	60	61	62	
49	50	51	52	53	54	55	56	57	58	59	60	61	62	63	
50	51	52	53	54	55	56	57	58	59	60	61	62	63	64	
51	52	53	54	55	56	57	58	59	60	61	62	63	64	65	
52	53	54	55	56	57	58	59	60	61	62	63	64	65	66	
53	54	55	56	57	58	59	60	61	62	63	64	65	66	67	
printing all weights: ----
1	1000000	1000000	1000000	1000000	1000000	1000000	1000000	1000000	1000000	1000000	1000000	1000000	1000000	1000000	
2	1000000	1000000	1000000	1000000	1000000	1000000	1000000	1000000	1000000	1000000	1000000	1000000	1000000	1000000	
3	1000000	1000000	1000000	1000000	1000000	1000000	1000000	1000000	1000000	1000000	1000000	1000000	1000000	1000000	
4	1000000	1000000	1000000	1000000	1000000	1000000	1000000	1000000	1000000	1000000	1000000	1000000	1000000	1000000	
5	1000000	1000000	1000000	1000000	1000000	1000000	1000000	1000000	1000000	1000000	1000000	1000000	1000000	1000000	
6	1000000	1000000	1000000	1000000	1000000	1000000	1000000	1000000	1000000	1000000	1000000	1000000	1000000	1000000	
7	1000000	15	16	17	18	19	20	21	22	23	24	25	26	27	
8	1000000	14	1000000	1000000	1000000	1000000	1000000	1000000	1000000	1000000	1000000	1000000	1000000	28	
9	1000000	13	1000000	1000000	1000000	1000000	1000000	1000000	1000000	1000000	1000000	1000000	1000000	29	
10	11	12	1000000	1000000	1000000	1000000	1000000	1000000	1000000	1000000	1000000	1000000	1000000	30	
1000000	1000000	1000000	1000000	1000000	1000000	1000000	1000000	1000000	1000000	1000000	1000000	1000000	1000000	31	
46	45	44	43	42	41	40	39	38	37	36	35	34	33	32	
47	1000000	1000000	1000000	1000000	1000000	1000000	1000000	1000000	1000000	1000000	1000000	1000000	1000000	1000000	
48	49	50	51	52	53	54	55	56	57	58	59	60	61	62	
49	50	51	52	53	54	55	56	57	58	59	60	61	62	63	
50	51	52	53	54	55	56	57	58	59	60	61	62	63	64	
51	52	53	54	55	56	57	58	59	60	61	62	63	64	65	
52	53	54	55	56	57	58	59	60	61	62	63	64	65	66	
53	54	55	56	57	58	59	60	61	62	63	64	65	66	67	
printing all weights: ----
1	1000000	1000000	1000000	1000000	1000000	1000000	1000000	1000000	1000000	1000000	1000000	1000000	1000000	1000000	
2	1000000	1000000	1000000	1000000	1000000	1000000	1000000	1000000	1000000	1000000	1000000	1000000	1000000	1000000	
3	1000000	1000000	1000000	1000000	1000000	1000000	1000000	1000000	1000000	1000000	1000000	1000000	1000000	1000000	
4	1000000	1000000	1000000	1000000	1000000	1000000	1000000	1000000	1000000	1000000	1000000	1000000	1000000	1000000	
5	1000000	1000000	1000000	1000000	1000000	1000000	1000000	1000000	1000000	1000000	1000000	1000000	1000000	1000000	
6	1000000	1000000	1000000	1000000	1000000	1000000	1000000	1000000	1000000	1000000	1000000	1000000	1000000	1000000	
7	1000000	15	16	17	18	19	20	21	22	23	24	25	26	27	
8	1000000	14	1000000	1000000	1000000	1000000	1000000	1000000	1000000	1000000	1000000	1000000	1000000	28	
9	1000000	13	1000000	1000000	1000000	1000000	1000000	1000000	1000000	1000000	1000000	1000000	1000000	29	
10	11	12	1000000	1000000	1000000	1000000	1000000	1000000	1000000	1000000	1000000	1000000	1000000	30	
1000000	1000000	1000000	1000000	1000000	1000000	1000000	1000000	1000000	1000000	1000000	1000000	1000000	1000000	31	
46	45	44	43	42	41	40	39	38	37	36	35	34	33	32	
47	1000000	1000000	1000000	1000000	1000000	1000000	1000000	1000000	1000000	1000000	1000000	1000000	1000000	1000000	
48	49	50	51	52	53	54	55	56	57	58	59	60	61	62	
49	50	51	52	53	54	55	56	57	58	59	60	61	62	63	
50	51	52	53	54	55	56	57	58	59	60	61	62	63	64	
51	52	53	54	55	56	57	58	59	60	61	62	63	64	65	
52	53	54	55	56	57	58	59	60	61	62	63	64	65	66	
53	54	55	56	57	58	59	60	61	62	63	64	65	66	67	
printing all weights: ----
1	1000000	1000000	1000000	1000000	1000000	1000000	1000000	1000000	1000000	1000000	1000000	1000000	1000000	1000000	
2	1000000	1000000	1000000	1000000	1000000	1000000	1000000	1000000	1000000	1000000	1000000	1000000	1000000	1000000	
3	1000000	1000000	1000000	1000000	1000000	1000000	1000000	1000000	1000000	1000000	1000000	1000000	1000000	1000000	
4	1000000	1000000	1000000	1000000	1000000	1000000	1000000	1000000	1000000	1000000	1000000	1000000	1000000	1000000	
5	1000000	1000000	1000000	1000000	1000000	1000000	1000000	1000000	1000000	1000000	1000000	1000000	1000000	1000000	
6	1000000	1000000	1000000	1000000	1000000	1000000	1000000	1000000	1000000	1000000	1000000	1000000	1000000	1000000	
7	1000000	15	16	17	18	19	20	21	22	23	24	25	26	27	
8	1000000	14	1000000	1000000	1000000	1000000	1000000	1000000	1000000	1000000	1000000	1000000	1000000	28	
9	1000000	13	1000000	1000000	1000000	1000000	1000000	1000000	1000000	1000000	1000000	1000000	1000000	29	
10	11	12	1000000	1000000	1000000	1000000	1000000	1000000	1000000	1000000	1000000	1000000	1000000	30	
1000000	1000000	1000000	1000000	1000000	1000000	1000000	1000000	1000000	1000000	1000000	1000000	1000000	1000000	31	
46	45	44	43	42	41	40	39	38	37	36	35	34	33	32	
47	1000000	1000000	1000000	1000000	1000000	1000000	1000000	1000000	1000000	1000000	1000000	1000000	1000000	1000000	
48	49	50	51	52	53	54	55	56	57	58	59	60	61	62	
49	50	51	52	53	54	55	56	57	58	59	60	61	62	63	
50	51	52	53	54	55	56	57	58	59	60	61	62	63	64	
51	52	53	54	55	56	57	58	59	60	61	62	63	64	65	
52	53	54	55	56	57	58	59	60	61	62	63	64	65	66	
53	54	55	56	57	58	59	60	61	62	63	64	65	66	67	
printing all weights: ----
1	1000000	1000000	1000000	1000000	1000000	1000000	1000000	1000000	1000000	1000000	1000000	1000000	1000000	1000000	
2	1000000	1000000	1000000	1000000	1000000	1000000	1000000	1000000	1000000	1000000	1000000	1000000	1000000	1000000	
3	1000000	1000000	1000000	1000000	1000000	1000000	1000000	1000000	1000000	1000000	1000000	1000000	1000000	1000000	
4	1000000	1000000	1000000	1000000	1000000	1000000	1000000	1000000	1000000	1000000	1000000	1000000	1000000	1000000	
5	1000000	1000000	1000000	1000000	1000000	1000000	1000000	1000000	1000000	1000000	1000000	1000000	1000000	1000000	
6	1000000	1000000	1000000	1000000	1000000	1000000	1000000	1000000	1000000	1000000	1000000	1000000	1000000	1000000	
7	1000000	15	16	17	18	19	20	21	22	23	24	25	26	27	
8	1000000	14	1000000	1000000	1000000	1000000	1000000	1000000	1000000	1000000	1000000	1000000	1000000	28	
9	1000000	13	1000000	1000000	1000000	1000000	1000000	1000000	1000000	1000000	1000000	1000000	1000000	29	
10	11	12	1000000	1000000	1000000	1000000	1000000	1000000	1000000	1000000	1000000	1000000	1000000	30	
1000000	1000000	1000000	1000000	1000000	1000000	1000000	1000000	1000000	1000000	1000000	1000000	1000000	1000000	31	
46	45	44	43	42	41	40	39	38	37	36	35	34	33	32	
47	1000000	1000000	1000000	1000000	1000000	1000000	1000000	1000000	1000000	1000000	1000000	1000000	1000000	1000000	
48	49	50	51	52	53	54	55	56	57	58	59	60	61	62	
49	50	51	52	53	54	55	56	57	58	59	60	61	62	63	
50	51	52	53	54	55	56	57	58	59	60	61	62	63	64	
51	52	53	54	55	56	57	58	59	60	61	62	63	64	65	
52	53	54	55	56	57	58	59	60	61	62	63	64	65	66	
53	54	55	56	57	58	59	60	61	62	63	64	65	66	67	
printing all weights: ----
1	1000000	1000000	1000000	1000000	1000000	1000000	1000000	1000000	1000000	1000000	1000000	1000000	1000000	1000000	
2	1000000	1000000	1000000	1000000	1000000	1000000	1000000	1000000	1000000	1000000	1000000	1000000	1000000	1000000	
3	1000000	1000000	1000000	1000000	1000000	1000000	1000000	1000000	1000000	1000000	1000000	1000000	1000000	1000000	
4	1000000	1000000	1000000	1000000	1000000	1000000	1000000	1000000	1000000	1000000	1000000	1000000	1000000	1000000	
5	1000000	1000000	1000000	1000000	1000000	1000000	1000000	1000000	1000000	1000000	1000000	1000000	1000000	1000000	
6	1000000	1000000	1000000	1000000	1000000	1000000	1000000	1000000	1000000	1000000	1000000	1000000	1000000	1000000	
7	1000000	15	16	17	18	19	20	21	22	23	24	25	26	27	
8	1000000	14	1000000	1000000	1000000	1000000	1000000	1000000	1000000	1000000	1000000	1000000	1000000	28	
9	1000000	13	1000000	1000000	1000000	1000000	1000000	1000000	1000000	1000000	1000000	1000000	1000000	29	
10	11	12	1000000	1000000	1000000	1000000	1000000	1000000	1000000	1000000	1000000	1000000	1000000	30	
1000000	1000000	1000000	1000000	1000000	1000000	1000000	1000000	1000000	1000000	1000000	1000000	1000000	1000000	31	
46	45	44	43	42	41	40	39	38	37	36	35	34	33	32	
47	1000000	1000000	1000000	1000000	1000000	1000000	1000000	1000000	1000000	1000000	1000000	1000000	1000000	1000000	
48	49	50	51	52	53	54	55	56	57	58	59	60	61	62	
49	50	51	52	53	54	55	56	57	58	59	60	61	62	63	
50	51	52	53	54	55	56	57	58	59	60	61	62	63	64	
51	52	53	54	55	56	57	58	59	60	61	62	63	64	65	
52	53	54	55	56	57	58	59	60	61	62	63	64	65	66	
53	54	55	56	57	58	59	60	61	62	63	64	65	66	67	
printing all weights: ----
1	1000000	1000000	1000000	1000000	1000000	1000000	1000000	1000000	1000000	1000000	1000000	1000000	1000000	1000000	
2	1000000	1000000	1000000	1000000	1000000	1000000	1000000	1000000	1000000	1000000	1000000	1000000	1000000	1000000	
3	1000000	1000000	1000000	1000000	1000000	1000000	1000000	1000000	1000000	1000000	1000000	1000000	1000000	1000000	
4	1000000	1000000	1000000	1000000	1000000	1000000	1000000	1000000	1000000	1000000	1000000	1000000	1000000	1000000	
5	1000000	1000000	1000000	1000000	1000000	1000000	1000000	1000000	1000000	1000000	1000000	1000000	1000000	1000000	
6	1000000	1000000	1000000	1000000	1000000	1000000	1000000	1000000	1000000	1000000	1000000	1000000	1000000	1000000	
7	1000000	15	16	17	18	19	20	21	22	23	24	25	26	27	
8	1000000	14	1000000	1000000	1000000	1000000	1000000	1000000	1000000	1000000	1000000	1000000	1000000	28	
9	1000000	13	1000000	1000000	1000000	1000000	1000000	1000000	1000000	1000000	1000000	1000000	1000000	29	
10	11	12	1000000	1000000	1000000	1000000	1000000	1000000	1000000	1000000	1000000	1000000	1000000	30	
1000000	1000000	1000000	1000000	1000000	1000000	1000000	1000000	1000000	1000000	1000000	1000000	1000000	1000000	31	
46	45	44	43	42	41	40	39	38	37	36	35	34	33	32	
47	1000000	1000000	1000000	1000000	1000000	1000000	1000000	1000000	1000000	1000000	1000000	1000000	1000000	1000000	
48	49	50	51	52	53	54	55	56	57	58	59	60	61	62	
49	50	51	52	53	54	55	56	57	58	59	60	61	62	63	
50	51	52	53	54	55	56	57	58	59	60	61	62	63	64	
51	52	53	54	55	56	57	58	59	60	61	62	63	64	65	
52	53	54	55	56	57	58	59	60	61	62	63	64	65	66	
53	54	55	56	57	58	59	60	61	62	63	64	65	66	67	
printing all weights: ----
1	1000000	1000000	1000000	1000000	1000000	1000000	1000000	1000000	1000000	1000000	1000000	1000000	1000000	1000000	
2	1000000	1000000	1000000	1000000	1000000	1000000	1000000	1000000	1000000	1000000	1000000	1000000	1000000	1000000	
3	1000000	1000000	1000000	1000000	1000000	1000000	1000000	1000000	1000000	1000000	1000000	1000000	1000000	1000000	
4	1000000	1000000	1000000	1000000	1000000	1000000	1000000	1000000	1000000	1000000	1000000	1000000	1000000	1000000	
5	1000000	1000000	1000000	1000000	1000000	1000000	1000000	1000000	1000000	1000000	1000000	1000000	1000000	1000000	
6	1000000	1000000	1000000	1000000	1000000	1000000	1000000	1000000	1000000	1000000	1000000	1000000	1000000	1000000	
7	1000000	15	16	17	18	19	20	21	22	23	24	25	26	27	
8	1000000	14	1000000	1000000	1000000	1000000	1000000	1000000	1000000	1000000	1000000	1000000	1000000	28	
9	1000000	13	1000000	1000000	1000000	1000000	1000000	1000000	1000000	1000000	1000000	1000000	1000000	29	
10	11	12	1000000	1000000	1000000	1000000	1000000	1000000	1000000	1000000	1000000	1000000	1000000	30	
1000000	1000000	1000000	1000000	1000000	1000000	1000000	1000000	1000000	1000000	1000000	1000000	1000000	1000000	31	
46	45	44	43	42	41	40	39	38	37	36	35	34	33	32	
47	1000000	1000000	1000000	1000000	1000000	1000000	1000000	1000000	1000000	1000000	1000000	1000000	1000000	1000000	
48	49	50	51	52	53	54	55	56	57	58	59	60	61	62	
49	50	51	52	53	54	55	56	57	58	59	60	61	62	63	
50	51	52	53	54	55	56	57	58	59	60	61	62	63	64	
51	52	53	54	55	56	57	58	59	60	61	62	63	64	65	
52	53	54	55	56	57	58	59	60	61	62	63	64	65	66	
53	54	55	56	57	58	59	60	61	62	63	64	65	66	67	
printing all weights: ----
1	1000000	1000000	1000000	1000000	1000000	1000000	1000000	1000000	1000000	1000000	1000000	1000000	1000000	1000000	
2	1000000	1000000	1000000	1000000	1000000	1000000	1000000	1000000	1000000	1000000	1000000	1000000	1000000	1000000	
3	1000000	1000000	1000000	1000000	1000000	1000000	1000000	1000000	1000000	1000000	1000000	1000000	1000000	1000000	
4	1000000	1000000	1000000	1000000	1000000	1000000	1000000	1000000	1000000	1000000	1000000	1000000	1000000	1000000	
5	1000000	1000000	1000000	1000000	1000000	1000000	1000000	1000000	1000000	1000000	1000000	1000000	1000000	1000000	
6	1000000	1000000	1000000	1000000	1000000	1000000	1000000	1000000	1000000	1000000	1000000	1000000	1000000	1000000	
7	1000000	15	16	17	18	19	20	21	22	23	24	25	26	27	
8	1000000	14	1000000	1000000	1000000	1000000	1000000	1000000	1000000	1000000	1000000	1000000	1000000	28	
9	1000000	13	1000000	1000000	1000000	1000000	1000000	1000000	1000000	1000000	1000000	1000000	1000000	29	
10	11	12	1000000	1000000	1000000	1000000	1000000	1000000	1000000	1000000	1000000	1000000	1000000	30	
1000000	1000000	1000000	1000000	1000000	1000000	1000000	1000000	1000000	1000000	1000000	1000000	1000000	1000000	31	
46	45	44	43	42	41	40	39	38	37	36	35	34	33	32	
47	1000000	1000000	1000000	1000000	1000000	1000000	1000000	1000000	1000000	1000000	1000000	1000000	1000000	1000000	
48	49	50	51	52	53	54	55	56	57	58	59	60	61	62	
49	50	51	52	53	54	55	56	57	58	59	60	61	62	63	
50	51	52	53	54	55	56	57	58	59	60	61	62	63	64	
51	52	53	54	55	56	57	58	59	60	61	62	63	64	65	
52	53	54	55	56	57	58	59	60	61	62	63	64	65	66	
53	54	55	56	57	58	59	60	61	62	63	64	65	66	67	
printing all weights: ----
1	1000000	1000000	1000000	1000000	1000000	1000000	1000000	1000000	1000000	1000000	1000000	1000000	1000000	1000000	
2	1000000	1000000	1000000	1000000	1000000	1000000	1000000	1000000	1000000	1000000	1000000	1000000	1000000	1000000	
3	1000000	1000000	1000000	1000000	1000000	1000000	1000000	1000000	1000000	1000000	1000000	1000000	1000000	1000000	
4	1000000	1000000	1000000	1000000	1000000	1000000	1000000	1000000	1000000	1000000	1000000	1000000	1000000	1000000	
5	1000000	1000000	1000000	1000000	1000000	1000000	1000000	1000000	1000000	1000000	1000000	1000000	1000000	1000000	
6	1000000	1000000	1000000	1000000	1000000	1000000	1000000	1000000	1000000	1000000	1000000	1000000	1000000	1000000	
7	1000000	15	16	17	18	19	20	21	22	23	24	25	26	27	
8	1000000	14	1000000	1000000	1000000	1000000	1000000	1000000	1000000	1000000	1000000	1000000	1000000	28	
9	1000000	13	1000000	1000000	1000000	1000000	1000000	1000000	1000000	1000000	1000000	1000000	1000000	29	
10	11	12	1000000	1000000	1000000	1000000	1000000	1000000	1000000	1000000	1000000	1000000	1000000	30	
1000000	1000000	1000000	1000000	1000000	1000000	1000000	1000000	1000000	1000000	1000000	1000000	1000000	1000000	31	
46	45	44	43	42	41	40	39	38	37	36	35	34	33	32	
47	1000000	1000000	1000000	1000000	1000000	1000000	1000000	1000000	1000000	1000000	1000000	1000000	1000000	1000000	
48	49	50	51	52	53	54	55	56	57	58	59	60	61	62	
49	50	51	52	53	54	55	56	57	58	59	60	61	62	63	
50	51	52	53	54	55	56	57	58	59	60	61	62	63	64	
51	52	53	54	55	56	57	58	59	60	61	62	63	64	65	
52	53	54	55	56	57	58	59	60	61	62	63	64	65	66	
53	54	55	56	57	58	59	60	61	62	63	64	65	66	67	
printing all weights: ----
1	1000000	1000000	1000000	1000000	1000000	1000000	1000000	1000000	1000000	1000000	1000000	1000000	1000000	1000000	
2	1000000	1000000	1000000	1000000	1000000	1000000	1000000	1000000	1000000	1000000	1000000	1000000	1000000	1000000	
3	1000000	1000000	1000000	1000000	1000000	1000000	1000000	1000000	1000000	1000000	1000000	1000000	1000000	1000000	
4	1000000	1000000	1000000	1000000	1000000	1000000	1000000	1000000	1000000	1000000	1000000	1000000	1000000	1000000	
5	1000000	1000000	1000000	1000000	1000000	1000000	1000000	1000000	1000000	1000000	1000000	1000000	1000000	1000000	
6	1000000	1000000	1000000	1000000	1000000	1000000	1000000	1000000	1000000	1000000	1000000	1000000	1000000	1000000	
7	1000000	15	16	17	18	19	20	21	22	23	24	25	26	27	
8	1000000	14	1000000	1000000	1000000	1000000	1000000	1000000	1000000	1000000	1000000	1000000	1000000	28	
9	1000000	13	1000000	1000000	1000000	1000000	1000000	1000000	1000000	1000000	1000000	1000000	1000000	29	
10	11	12	1000000	1000000	1000000	1000000	1000000	1000000	1000000	1000000	1000000	1000000	1000000	30	
1000000	1000000	1000000	1000000	1000000	1000000	1000000	1000000	1000000	1000000	1000000	1000000	1000000	1000000	31	
46	45	44	43	42	41	40	39	38	37	36	35	34	33	32	
47	1000000	1000000	1000000	1000000	1000000	1000000	1000000	1000000	1000000	1000000	1000000	1000000	1000000	1000000	
48	49	50	51	52	53	54	55	56	57	58	59	60	61	62	
49	50	51	52	53	54	55	56	57	58	59	60	61	62	63	
50	51	52	53	54	55	56	57	58	59	60	61	62	63	64	
51	52	53	54	55	56	57	58	59	60	61	62	63	64	65	
52	53	54	55	56	57	58	59	60	61	62	63	64	65	66	
53	54	55	56	57	58	59	60	61	62	63	64	65	66	67	
printing all weights: ----
1	1000000	1000000	1000000	1000000	1000000	1000000	1000000	1000000	1000000	1000000	1000000	1000000	1000000	1000000	
2	1000000	1000000	1000000	1000000	1000000	1000000	1000000	1000000	1000000	1000000	1000000	1000000	1000000	1000000	
3	1000000	1000000	1000000	1000000	1000000	1000000	1000000	1000000	1000000	1000000	1000000	1000000	1000000	1000000	
4	1000000	1000000	1000000	1000000	1000000	1000000	1000000	1000000	1000000	1000000	1000000	1000000	1000000	1000000	
5	1000000	1000000	1000000	1000000	1000000	1000000	1000000	1000000	1000000	1000000	1000000	1000000	1000000	1000000	
6	1000000	1000000	1000000	1000000	1000000	1000000	1000000	1000000	1000000	1000000	1000000	1000000	1000000	1000000	
7	1000000	15	16	17	18	19	20	21	22	23	24	25	26	27	
8	1000000	14	1000000	1000000	1000000	1000000	1000000	1000000	1000000	1000000	1000000	1000000	1000000	28	
9	1000000	13	1000000	1000000	1000000	1000000	1000000	1000000	1000000	1000000	1000000	1000000	1000000	29	
10	11	12	1000000	1000000	1000000	1000000	1000000	1000000	1000000	1000000	1000000	1000000	1000000	30	
1000000	1000000	1000000	1000000	1000000	1000000	1000000	1000000	1000000	1000000	1000000	1000000	1000000	1000000	31	
46	45	44	43	42	41	40	39	38	37	36	35	34	33	32	
47	1000000	1000000	1000000	1000000	1000000	1000000	1000000	1000000	1000000	1000000	1000000	1000000	1000000	1000000	
48	49	50	51	52	53	54	55	56	57	58	59	60	61	62	
49	50	51	52	53	54	55	56	57	58	59	60	61	62	63	
50	51	52	53	54	55	56	57	58	59	60	61	62	63	64	
51	52	53	54	55	56	57	58	59	60	61	62	63	64	65	
52	53	54	55	56	57	58	59	60	61	62	63	64	65	66	
53	54	55	56	57	58	59	60	61	62	63	64	65	66	67	
printing all weights: ----
1	1000000	1000000	1000000	1000000	1000000	1000000	1000000	1000000	1000000	1000000	1000000	1000000	1000000	1000000	
2	1000000	1000000	1000000	1000000	1000000	1000000	1000000	1000000	1000000	1000000	1000000	1000000	1000000	1000000	
3	1000000	1000000	1000000	1000000	1000000	1000000	1000000	1000000	1000000	1000000	1000000	1000000	1000000	1000000	
4	1000000	1000000	1000000	1000000	1000000	1000000	1000000	1000000	1000000	1000000	1000000	1000000	1000000	1000000	
5	1000000	1000000	1000000	1000000	1000000	1000000	1000000	1000000	1000000	1000000	1000000	1000000	1000000	1000000	
6	1000000	1000000	1000000	1000000	1000000	1000000	1000000	1000000	1000000	1000000	1000000	1000000	1000000	1000000	
7	1000000	15	16	17	18	19	20	21	22	23	24	25	26	27	
8	1000000	14	1000000	1000000	1000000	1000000	1000000	1000000	1000000	1000000	1000000	1000000	1000000	28	
9	1000000	13	1000000	1000000	1000000	1000000	1000000	1000000	1000000	1000000	1000000	1000000	1000000	29	
10	11	12	1000000	1000000	1000000	1000000	1000000	1000000	1000000	1000000	1000000	1000000	1000000	30	
1000000	1000000	1000000	1000000	1000000	1000000	1000000	1000000	1000000	1000000	1000000	1000000	1000000	1000000	31	
46	45	44	43	42	41	40	39	38	37	36	35	34	33	32	
47	1000000	1000000	1000000	1000000	1000000	1000000	1000000	1000000	1000000	1000000	1000000	1000000	1000000	1000000	
48	49	50	51	52	53	54	55	56	57	58	59	60	61	62	
49	50	51	52	53	54	55	56	57	58	59	60	61	62	63	
50	51	52	53	54	55	56	57	58	59	60	61	62	63	64	
51	52	53	54	55	56	57	58	59	60	61	62	63	64	65	
52	53	54	55	56	57	58	59	60	61	62	63	64	65	66	
53	54	55	56	57	58	59	60	61	62	63	64	65	66	67	
printing all weights: ----
1	1000000	1000000	1000000	1000000	1000000	1000000	1000000	1000000	1000000	1000000	1000000	1000000	1000000	1000000	
2	1000000	1000000	1000000	1000000	1000000	1000000	1000000	1000000	1000000	1000000	1000000	1000000	1000000	1000000	
3	1000000	1000000	1000000	1000000	1000000	1000000	1000000	1000000	1000000	1000000	1000000	1000000	1000000	1000000	
4	1000000	1000000	1000000	1000000	1000000	1000000	1000000	1000000	1000000	1000000	1000000	1000000	1000000	1000000	
5	1000000	1000000	1000000	1000000	1000000	1000000	1000000	1000000	1000000	1000000	1000000	1000000	1000000	1000000	
6	1000000	1000000	1000000	1000000	1000000	1000000	1000000	1000000	1000000	1000000	1000000	1000000	1000000	1000000	
7	1000000	15	16	17	18	19	20	21	22	23	24	25	26	27	
8	1000000	14	1000000	1000000	1000000	1000000	1000000	1000000	1000000	1000000	1000000	1000000	1000000	28	
9	1000000	13	1000000	1000000	1000000	1000000	1000000	1000000	1000000	1000000	1000000	1000000	1000000	29	
10	11	12	1000000	1000000	1000000	1000000	1000000	1000000	1000000	1000000	1000000	1000000	1000000	30	
1000000	1000000	1000000	1000000	1000000	1000000	1000000	1000000	1000000	1000000	1000000	1000000	1000000	1000000	31	
46	45	44	43	42	41	40	39	38	37	36	35	34	33	32	
47	1000000	1000000	1000000	1000000	1000000	1000000	1000000	1000000	1000000	1000000	1000000	1000000	1000000	1000000	
48	49	50	51	52	53	54	55	56	57	58	59	60	61	62	
49	50	51	52	53	54	55	56	57	58	59	60	61	62	63	
50	51	52	53	54	55	56	57	58	59	60	61	62	63	64	
51	52	53	54	55	56	57	58	59	60	61	62	63	64	65	
52	53	54	55	56	57	58	59	60	61	62	63	64	65	66	
53	54	55	56	57	58	59	60	61	62	63	64	65	66	67	
printing all weights: ----
1	1000000	1000000	1000000	1000000	1000000	1000000	1000000	1000000	1000000	1000000	1000000	1000000	1000000	1000000	
2	1000000	1000000	1000000	1000000	1000000	1000000	1000000	1000000	1000000	1000000	1000000	1000000	1000000	1000000	
3	1000000	1000000	1000000	1000000	1000000	1000000	1000000	1000000	1000000	1000000	1000000	1000000	1000000	1000000	
4	1000000	1000000	1000000	1000000	1000000	1000000	1000000	1000000	1000000	1000000	1000000	1000000	1000000	1000000	
5	1000000	1000000	1000000	1000000	1000000	1000000	1000000	1000000	1000000	1000000	1000000	1000000	1000000	1000000	
6	1000000	1000000	1000000	1000000	1000000	1000000	1000000	1000000	1000000	1000000	1000000	1000000	1000000	1000000	
7	1000000	15	16	17	18	19	20	21	22	23	24	25	26	27	
8	1000000	14	1000000	1000000	1000000	1000000	1000000	1000000	1000000	1000000	1000000	1000000	1000000	28	
9	1000000	13	1000000	1000000	1000000	1000000	1000000	1000000	1000000	1000000	1000000	1000000	1000000	29	
10	11	12	1000000	1000000	1000000	1000000	1000000	1000000	1000000	1000000	1000000	1000000	1000000	30	
1000000	1000000	1000000	1000000	1000000	1000000	1000000	1000000	1000000	1000000	1000000	1000000	1000000	1000000	31	
46	45	44	43	42	41	40	39	38	37	36	35	34	33	32	
47	1000000	1000000	1000000	1000000	1000000	1000000	1000000	1000000	1000000	1000000	1000000	1000000	1000000	1000000	
48	49	50	51	52	53	54	55	56	57	58	59	60	61	62	
49	50	51	52	53	54	55	56	57	58	59	60	61	62	63	
50	51	52	53	54	55	56	57	58	59	60	61	62	63	64	
51	52	53	54	55	56	57	58	59	60	61	62	63	64	65	
52	53	54	55	56	57	58	59	60	61	62	63	64	65	66	
53	54	55	56	57	58	59	60	61	62	63	64	65	66	67	
printing all weights: ----
1	1000000	1000000	1000000	1000000	1000000	1000000	1000000	1000000	1000000	1000000	1000000	1000000	1000000	1000000	
2	1000000	1000000	1000000	1000000	1000000	1000000	1000000	1000000	1000000	1000000	1000000	1000000	1000000	1000000	
3	1000000	1000000	1000000	1000000	1000000	1000000	1000000	1000000	1000000	1000000	1000000	1000000	1000000	1000000	
4	1000000	1000000	1000000	1000000	1000000	1000000	1000000	1000000	1000000	1000000	1000000	1000000	1000000	1000000	
5	1000000	1000000	1000000	1000000	1000000	1000000	1000000	1000000	1000000	1000000	1000000	1000000	1000000	1000000	
6	1000000	1000000	1000000	1000000	1000000	1000000	1000000	1000000	1000000	1000000	1000000	1000000	1000000	1000000	
7	1000000	15	16	17	18	19	20	21	22	23	24	25	26	27	
8	1000000	14	1000000	1000000	1000000	1000000	1000000	1000000	1000000	1000000	1000000	1000000	1000000	28	
9	1000000	13	1000000	1000000	1000000	1000000	1000000	1000000	1000000	1000000	1000000	1000000	1000000	29	
10	11	12	1000000	1000000	1000000	1000000	1000000	1000000	1000000	1000000	1000000	1000000	1000000	30	
1000000	1000000	1000000	1000000	1000000	1000000	1000000	1000000	1000000	1000000	1000000	1000000	1000000	1000000	31	
46	45	44	43	42	41	40	39	38	37	36	35	34	33	32	
47	1000000	1000000	1000000	1000000	1000000	1000000	1000000	1000000	1000000	1000000	1000000	1000000	1000000	1000000	
48	49	50	51	52	53	54	55	56	57	58	59	60	61	62	
49	50	51	52	53	54	55	56	57	58	59	60	61	62	63	
50	51	52	53	54	55	56	57	58	59	60	61	62	63	64	
51	52	53	54	55	56	57	58	59	60	61	62	63	64	65	
52	53	54	55	56	57	58	59	60	61	62	63	64	65	66	
53	54	55	56	57	58	59	60	61	62	63	64	65	66	67	
printing all weights: ----
1	1000000	1000000	1000000	1000000	1000000	1000000	1000000	1000000	1000000	1000000	1000000	1000000	1000000	1000000	
2	1000000	1000000	1000000	1000000	1000000	1000000	1000000	1000000	1000000	1000000	1000000	1000000	1000000	1000000	
3	1000000	1000000	1000000	1000000	1000000	1000000	1000000	1000000	1000000	1000000	1000000	1000000	1000000	1000000	
4	1000000	1000000	1000000	1000000	1000000	1000000	1000000	1000000	1000000	1000000	1000000	1000000	1000000	1000000	
5	1000000	1000000	1000000	1000000	1000000	1000000	1000000	1000000	1000000	1000000	1000000	1000000	1000000	1000000	
6	1000000	1000000	1000000	1000000	1000000	1000000	1000000	1000000	1000000	1000000	1000000	1000000	1000000	1000000	
7	1000000	15	16	17	18	19	20	21	22	23	24	25	26	27	
8	1000000	14	1000000	1000000	1000000	1000000	1000000	1000000	1000000	1000000	1000000	1000000	1000000	28	
9	1000000	13	1000000	1000000	1000000	1000000	1000000	1000000	1000000	1000000	1000000	1000000	1000000	29	
10	11	12	1000000	1000000	1000000	1000000	1000000	1000000	1000000	1000000	1000000	1000000	1000000	30	
1000000	1000000	1000000	1000000	1000000	1000000	1000000	1000000	1000000	1000000	1000000	1000000	1000000	1000000	31	
46	45	44	43	42	41	40	39	38	37	36	35	34	33	32	
47	1000000	1000000	1000000	1000000	1000000	1000000	1000000	1000000	1000000	1000000	1000000	1000000	1000000	1000000	
48	49	50	51	52	53	54	55	56	57	58	59	60	61	62	
49	50	51	52	53	54	55	56	57	58	59	60	61	62	63	
50	51	52	53	54	55	56	57	58	59	60	61	62	63	64	
51	52	53	54	55	56	57	58	59	60	61	62	63	64	65	
52	53	54	55	56	57	58	59	60	61	62	63	64	65	66	
53	54	55	56	57	58	59	60	61	62	63	64	65	66	67	
printing all weights: ----
1	1000000	1000000	1000000	1000000	1000000	1000000	1000000	1000000	1000000	1000000	1000000	1000000	1000000	1000000	
2	1000000	1000000	1000000	1000000	1000000	1000000	1000000	1000000	1000000	1000000	1000000	1000000	1000000	1000000	
3	1000000	1000000	1000000	1000000	1000000	1000000	1000000	1000000	1000000	1000000	1000000	1000000	1000000	1000000	
4	1000000	1000000	1000000	1000000	1000000	1000000	1000000	1000000	1000000	1000000	1000000	1000000	1000000	1000000	
5	1000000	1000000	1000000	1000000	1000000	1000000	1000000	1000000	1000000	1000000	1000000	1000000	1000000	1000000	
6	1000000	1000000	1000000	1000000	1000000	1000000	1000000	1000000	1000000	1000000	1000000	1000000	1000000	1000000	
7	1000000	15	16	17	18	19	20	21	22	23	24	25	26	27	
8	1000000	14	1000000	1000000	1000000	1000000	1000000	1000000	1000000	1000000	1000000	1000000	1000000	28	
9	1000000	13	1000000	1000000	1000000	1000000	1000000	1000000	1000000	1000000	1000000	1000000	1000000	29	
10	11	12	1000000	1000000	1000000	1000000	1000000	1000000	1000000	1000000	1000000	1000000	1000000	30	
1000000	1000000	1000000	1000000	1000000	1000000	1000000	1000000	1000000	1000000	1000000	1000000	1000000	1000000	31	
46	45	44	43	42	41	40	39	38	37	36	35	34	33	32	
47	1000000	1000000	1000000	1000000	1000000	1000000	1000000	1000000	1000000	1000000	1000000	1000000	1000000	1000000	
48	49	50	51	52	53	54	55	56	57	58	59	60	61	62	
49	50	51	52	53	54	55	56	57	58	59	60	61	62	63	
50	51	52	53	54	55	56	57	58	59	60	61	62	63	64	
51	52	53	54	55	56	57	58	59	60	61	62	63	64	65	
52	53	54	55	56	57	58	59	60	61	62	63	64	65	66	
53	54	55	56	57	58	59	60	61	62	63	64	65	66	67	
printing all weights: ----
1	1000000	1000000	1000000	1000000	1000000	1000000	1000000	1000000	1000000	1000000	1000000	1000000	1000000	1000000	
2	1000000	1000000	1000000	1000000	1000000	1000000	1000000	1000000	1000000	1000000	1000000	1000000	1000000	1000000	
3	1000000	1000000	1000000	1000000	1000000	1000000	1000000	1000000	1000000	1000000	1000000	1000000	1000000	1000000	
4	1000000	1000000	1000000	1000000	1000000	1000000	1000000	1000000	1000000	1000000	1000000	1000000	1000000	1000000	
5	1000000	1000000	1000000	1000000	1000000	1000000	1000000	1000000	1000000	1000000	1000000	1000000	1000000	1000000	
6	1000000	1000000	1000000	1000000	1000000	1000000	1000000	1000000	1000000	1000000	1000000	1000000	1000000	1000000	
7	1000000	15	16	17	18	19	20	21	22	23	24	25	26	27	
8	1000000	14	1000000	1000000	1000000	1000000	1000000	1000000	1000000	1000000	1000000	1000000	1000000	28	
9	1000000	13	1000000	1000000	1000000	1000000	1000000	1000000	1000000	1000000	1000000	1000000	1000000	29	
10	11	12	1000000	1000000	1000000	1000000	1000000	1000000	1000000	1000000	1000000	1000000	1000000	30	
1000000	1000000	1000000	1000000	1000000	1000000	1000000	1000000	1000000	1000000	1000000	1000000	1000000	1000000	31	
46	45	44	43	42	41	40	39	38	37	36	35	34	33	32	
47	1000000	1000000	1000000	1000000	1000000	1000000	1000000	1000000	1000000	1000000	1000000	1000000	1000000	1000000	
48	49	50	51	52	53	54	55	56	57	58	59	60	61	62	
49	50	51	52	53	54	55	56	57	58	59	60	61	62	63	
50	51	52	53	54	55	56	57	58	59	60	61	62	63	64	
51	52	53	54	55	56	57	58	59	60	61	62	63	64	65	
52	53	54	55	56	57	58	59	60	61	62	63	64	65	66	
53	54	55	56	57	58	59	60	61	62	63	64	65	66	67	
printing all weights: ----
1	1000000	1000000	1000000	1000000	1000000	1000000	1000000	1000000	1000000	1000000	1000000	1000000	1000000	1000000	
2	1000000	1000000	1000000	1000000	1000000	1000000	1000000	1000000	1000000	1000000	1000000	1000000	1000000	1000000	
3	1000000	1000000	1000000	1000000	1000000	1000000	1000000	1000000	1000000	1000000	1000000	1000000	1000000	1000000	
4	1000000	1000000	1000000	1000000	1000000	1000000	1000000	1000000	1000000	1000000	1000000	1000000	1000000	1000000	
5	1000000	1000000	1000000	1000000	1000000	1000000	1000000	1000000	1000000	1000000	1000000	1000000	1000000	1000000	
6	1000000	1000000	1000000	1000000	1000000	1000000	1000000	1000000	1000000	1000000	1000000	1000000	1000000	1000000	
7	1000000	15	16	17	18	19	20	21	22	23	24	25	26	27	
8	1000000	14	1000000	1000000	1000000	1000000	1000000	1000000	1000000	1000000	1000000	1000000	1000000	28	
9	1000000	13	1000000	1000000	1000000	1000000	1000000	1000000	1000000	1000000	1000000	1000000	1000000	29	
10	11	12	1000000	1000000	1000000	1000000	1000000	1000000	1000000	1000000	1000000	1000000	1000000	30	
1000000	1000000	1000000	1000000	1000000	1000000	1000000	1000000	1000000	1000000	1000000	1000000	1000000	1000000	31	
46	45	44	43	42	41	40	39	38	37	36	35	34	33	32	
47	1000000	1000000	1000000	1000000	1000000	1000000	1000000	1000000	1000000	1000000	1000000	1000000	1000000	1000000	
48	49	50	51	52	53	54	55	56	57	58	59	60	61	62	
49	50	51	52	53	54	55	56	57	58	59	60	61	62	63	
50	51	52	53	54	55	56	57	58	59	60	61	62	63	64	
51	52	53	54	55	56	57	58	59	60	61	62	63	64	65	
52	53	54	55	56	57	58	59	60	61	62	63	64	65	66	
53	54	55	56	57	58	59	60	61	62	63	64	65	66	67	
67
